000000 0.120302 -4.73377e-18
000001 0.121839 0.0128336
000010 0.122872 -0.0456911
000011 0.125232 -0.0320376
000100 0.121886 -0.0644527
000101 0.123343 -0.0522619
000110 0.123981 -0.117729
000111 0.126457 -0.104452
001000 0.122917 -0.00310821
001001 0.124501 0.00951634
001010 0.125485 -0.0491196
001011 0.127917 -0.0354345
001100 0.123043 -0.0612088
001101 0.124528 -0.0491113
001110 0.125262 -0.113475
001111 0.127751 -0.10018
010000 0.122468 -0.0336034
010001 0.124032 -0.0207831
010010 0.125084 -0.0795317
010011 0.127488 -0.0658702
010100 0.123982 -0.098478
010101 0.12546 -0.0863301
010110 0.126124 -0.15182
010111 0.128641 -0.138538
011000 0.124768 -0.0523383
011001 0.12637 -0.0397045
011010 0.127365 -0.098445
011011 0.129833 -0.084745
011100 0.124999 -0.110243
011101 0.126502 -0.0981375
011110 0.127228 -0.162548
011111 0.12976 -0.149246
100000 0.119637 -0.0332063
100001 0.121166 -0.0203731
100010 0.122194 -0.0789102
100011 0.124541 -0.0652578
100100 0.121211 -0.0979685
100101 0.122659 -0.0857779
100110 0.123293 -0.151262
100111 0.125756 -0.137987
101000 0.122112 -0.0369221
101001 0.123685 -0.0242977
101010 0.124665 -0.0829137
101011 0.127081 -0.0692288
101100 0.122221 -0.0948593
101101 0.123696 -0.0827647
101110 0.124427 -0.14715
101111 0.1269 -0.133857
110000 0.122142 -0.0704858
110001 0.123704 -0.0576655
110010 0.12475 -0.116411
110011 0.127147 -0.102751
110100 0.12363 -0.135577
110101 0.125104 -0.123429
110110 0.125767 -0.188902
110111 0.128277 -0.175622
111000 0.124598 -0.089097
111001 0.126198 -0.076464
111010 0.127192 -0.135218
111011 0.129657 -0.121519
111100 0.124818 -0.147071
111101 0.126318 -0.134964
111110 0.127048 -0.199373
111111 0.129577 -0.186074
