00000 0.193762 -0.0243701
00001 0.293557 0.182931
00010 0.00681825 -0.18172
00011 0.0514932 -0.874747
00100 0.0641724 -3.06946
00101 0.147143 -1.75476
00110 0.118096 -1.99987
00111 0.472035 -2.9093
01000 0.126064 1.67651
01001 0.123916 0.885689
01010 0.114236 -2.44069
01011 0.169094 -0.409882
01100 0.193635 2.85083
01101 0.11526 2.85141
01110 0.0142868 2.36155
01111 0.152363 1.65492
10000 0.147109 0.00368266
10001 0.0597123 -2.01909
10010 0.374407 2.59262
10011 0.220111 2.32804
10100 0.115443 -1.26641
10101 0.0845407 -2.26855
10110 0.242685 -2.45691
10111 0.00375504 -2.18128
11000 0.0531458 -1.49219
11001 0.0341549 -2.89417
11010 0.220571 -1.39093
11011 0.181655 -2.95087
11100 0.0556527 0.00359333
11101 0.205565 -1.10486
11110 0.183694 0.122376
11111 0.077482 -0.445487
